[gd_scene load_steps=10 format=2]

[ext_resource path="res://Player.gd" type="Script" id=1]
[ext_resource path="res://AdventureModelsSynty/SM_Wep_Sword_01.gltf" type="PackedScene" id=2]
[ext_resource path="res://AdventureModelsSynty/SM_Wep_Axe_01.gltf" type="PackedScene" id=3]
[ext_resource path="res://AdventureModelsSynty/SM_Item_Waterskin_01.gltf" type="PackedScene" id=4]
[ext_resource path="res://ITEMS/Apple.gltf" type="PackedScene" id=5]

[sub_resource type="CapsuleShape" id=1]
radius = 0.5
height = 1.5

[sub_resource type="CapsuleMesh" id=2]
radius = 0.5
mid_height = 1.5

[sub_resource type="CylinderShape" id=3]
radius = 0.635178

[sub_resource type="CubeMesh" id=4]

[node name="Player" type="KinematicBody" groups=[
"Player",
]]
collision_layer = 2
script = ExtResource( 1 )

[node name="CollisionShape" type="CollisionShape" parent="."]
transform = Transform( 1, 0, 0, 0, -4.37114e-08, -1, 0, 1, -4.37114e-08, 0, 0, 0 )
shape = SubResource( 1 )

[node name="MeshInstance" type="MeshInstance" parent="."]
transform = Transform( 1, 0, 0, 0, -4.37114e-08, -1, 0, 1, -4.37114e-08, 0, 0, 0 )
mesh = SubResource( 2 )
material/0 = null

[node name="Head" type="Spatial" parent="."]
transform = Transform( 1, 0, 0, 0, 1, 0, 0, 0, 1, 0, 1, 0 )

[node name="Camera" type="Camera" parent="Head"]
keep_aspect = 0
fov = 100.0
far = 1417.7

[node name="InteractRay" type="RayCast" parent="Head"]
transform = Transform( 1, 0, 0, 0, 1, 0, 0, 0, 1, 0, -0.0451506, 0 )
enabled = true
cast_to = Vector3( 0, 0, -4 )

[node name="GroundCast" type="RayCast" parent="."]
transform = Transform( 1, 0, 0, 0, 1, 0, 0, 0, 1, 0, -0.539376, 0 )
enabled = true

[node name="Area" type="Area" parent="."]
transform = Transform( 1, 0, 0, 0, -4.37114e-08, -1, 0, 1, -4.37114e-08, 0, 0, 0 )

[node name="CollisionShape2" type="CollisionShape" parent="Area"]
transform = Transform( 1, 0, 0, 0, -4.37114e-08, 1, 0, -1, -4.37114e-08, 0, 0, 0 )
shape = SubResource( 3 )

[node name="Sword" parent="." instance=ExtResource( 2 )]
transform = Transform( 0.155184, 0.200156, 0.967396, -0.790294, 0.612728, -3.45449e-08, -0.59275, -0.764527, 0.253268, 0.618363, 0.440227, -0.583413 )

[node name="Axe" parent="." instance=ExtResource( 3 )]
transform = Transform( 0.155185, 0.200156, 0.967396, -0.790294, 0.612728, 0, -0.59275, -0.764527, 0.253268, 0.618, 0.44, -0.481344 )

[node name="Spear" type="MeshInstance" parent="."]
transform = Transform( 1, 0, 0, 0, 1, 0, 0, 0, 1, 0, 1.57683, -4.10829 )
mesh = SubResource( 4 )
material/0 = null

[node name="Water" parent="." instance=ExtResource( 4 )]
transform = Transform( 0.155185, 0.200156, 0.967396, -0.790294, 0.612728, 0, -0.59275, -0.764527, 0.253268, 0.615864, 0.435876, -0.588496 )

[node name="Apple" parent="." instance=ExtResource( 5 )]
transform = Transform( 0.1, 0, 0, 0, 0.1, 0, 0, 0, 0.1, 0.669061, 0.472126, -0.649914 )

[connection signal="body_entered" from="Area" to="." method="_on_Area_body_entered"]
